1e+0
1.0e+1
1.00e+2
1.000e+3
1.0000e+4
1.00000e+5
1.000000e+6
1.0000000e+7
1.00000000e+8
1.000000000e+9
1.0000000000e+10
1.00000000000e+11
1.000000000000e+12
1.0000000000000e+13
1.00000000000000e+14
1.000000000000000e+15
1.0000000000000000e+16
1.00000000000000000e+17
1.000000000000000000e+18
1.0000000000000000000e+19
1.00000000000000000000e+20
1.000000000000000000000e+21
1.0000000000000000000000e+22
1.00000000000000000000000e+23
1.000000000000000000000000e+24
1.0000000000000000000000000e+25
1.00000000000000000000000000e+26
1.000000000000000000000000000e+27
1.0000000000000000000000000000e+28
1.00000000000000000000000000000e+29
1.000000000000000000000000000000e+30
1.0000000000000000000000000000000e+31
1.00000000000000000000000000000000e+32
1.000000000000000000000000000000000e+33
1.0000000000000000000000000000000000e+34
1.00000000000000000000000000000000000e+35
1.000000000000000000000000000000000000e+36
1.0000000000000000000000000000000000000e+37
1.00000000000000000000000000000000000000e+38
1.000000000000000000000000000000000000000e+39
1.0000000000000000000000000000000000000000e+40
1.00000000000000000000000000000000000000000e+41
1.000000000000000000000000000000000000000000e+42
1.0000000000000000000000000000000000000000000e+43
1.00000000000000000000000000000000000000000000e+44
1.000000000000000000000000000000000000000000000e+45
1.0000000000000000000000000000000000000000000000e+46
1.00000000000000000000000000000000000000000000000e+47
1.000000000000000000000000000000000000000000000000e+48
1.0000000000000000000000000000000000000000000000000e+49
1.00000000000000000000000000000000000000000000000000e+50
1.000000000000000000000000000000000000000000000000000e+51
1.0000000000000000000000000000000000000000000000000000e+52
1.00000000000000000000000000000000000000000000000000000e+53
1.000000000000000000000000000000000000000000000000000000e+54
1.0000000000000000000000000000000000000000000000000000000e+55
1.00000000000000000000000000000000000000000000000000000000e+56
1.000000000000000000000000000000000000000000000000000000000e+57
1.0000000000000000000000000000000000000000000000000000000000e+58
1.00000000000000000000000000000000000000000000000000000000000e+59
1.000000000000000000000000000000000000000000000000000000000000e+60
1.0000000000000000000000000000000000000000000000000000000000000e+61
1.00000000000000000000000000000000000000000000000000000000000000e+62
1.000000000000000000000000000000000000000000000000000000000000000e+63
1.0000000000000000000000000000000000000000000000000000000000000000e+64
1.00000000000000000000000000000000000000000000000000000000000000000e+65
1.000000000000000000000000000000000000000000000000000000000000000000e+66
1.0000000000000000000000000000000000000000000000000000000000000000000e+67
1.00000000000000000000000000000000000000000000000000000000000000000000e+68
1.000000000000000000000000000000000000000000000000000000000000000000000e+69
1.0000000000000000000000000000000000000000000000000000000000000000000000e+70
1.00000000000000000000000000000000000000000000000000000000000000000000000e+71
1.000000000000000000000000000000000000000000000000000000000000000000000000e+72
1.165764676108078352083512496285407420862580515621905209391968993536901120e+72
